0.23098617792129517
0.28020864725112915
-1.033859133720398
-1.3853037357330322
0.4418085217475891
0.4148496389389038
0.6599982380867004
-0.6629525423049927
-0.6066949367523193
-0.2440372109413147
-0.29848259687423706
-0.6183574795722961
-0.6748545169830322
-0.11742812395095825
-0.762657880783081
-1.1768121719360352
-0.46553581953048706
-0.4917697310447693
-1.1124998331069946
0.3896479606628418
-0.9805539846420288
-0.8999479413032532
-0.7443728446960449
-0.371476948261261
-0.3338380455970764
-0.8447319269180298
0.43539923429489136
-0.8552539944648743
-0.5904945731163025
0.1574276089668274
-1.3988091945648193
-1.560204267501831
-1.121598243713379
-0.6173644661903381
-1.037381887435913
-0.33830636739730835
0.19021791219711304
0.04156464710831642
-0.6508343815803528
-0.8949432969093323
0.06126946583390236
-0.6442593932151794
-1.3305758237838745
-1.5637953281402588
0.6296175718307495
-0.8789435029029846
0.6047666668891907
0.10910207033157349
-1.1181597709655762
-1.138970971107483
-0.7850412726402283
-1.9220551252365112
-0.5189986228942871
0.1465274691581726
0.28759026527404785
-0.29905635118484497
-0.34335583448410034
-0.4717591404914856
0.5102149844169617
-0.9268194437026978
-0.6446279883384705
-0.5609301924705505
0.13305610418319702
0.22103053331375122
-1.082712173461914
-0.8205893635749817
0.4116209149360657
-0.5430262684822083
-1.197433590888977
-0.3905401825904846
-0.5778077244758606
0.2108249068260193
-1.1602599620819092
-1.1442461013793945
-0.43268585205078125
-0.573840320110321
-1.3427939414978027
-1.7861400842666626
-0.7562006711959839
0.6749899983406067
-0.36154788732528687
-0.491327166557312
-1.2160089015960693
-1.4277960062026978
-0.4491584897041321
-0.9327822327613831
-0.14672929048538208
-0.6436391472816467
-1.1655657291412354
-1.1267809867858887
-0.27468305826187134
-0.7016839385032654
0.029686633497476578
-0.35880398750305176
0.13330614566802979
0.8419800996780396
0.14430642127990723
0.2099643349647522
-0.6584442257881165
-0.38144439458847046
-0.4605124592781067
-0.19084447622299194
0.09286457300186157
-1.1896131038665771
-0.13993793725967407
-1.2424490451812744
-0.9662342071533203
-0.2960529923439026
-1.1823115348815918
-0.7983297109603882
-0.3598366379737854
-0.44015032052993774
-0.09677726030349731
0.622308611869812
-1.0579686164855957
-0.24000698328018188
-0.13694888353347778
-0.5410091280937195
-0.6916170716285706
-0.9721968173980713
-0.8956443667411804
-0.11517161130905151
-0.1745052933692932
-0.4581363797187805
0.4987318515777588
-0.8968906998634338
-0.8897329568862915
-0.3607017993927002
-0.6260513067245483
-1.0927547216415405
-1.249024748802185
-0.22468751668930054
-0.9096438884735107
0.0056394971907138824
0.5571576356887817
0.5837555527687073
-0.24944478273391724
-0.6993743181228638
-0.566886842250824
-0.10149890184402466
-0.6187556982040405
-0.20847934484481812
-0.828755259513855
-1.124714732170105
-0.4194710850715637
-0.02359825000166893
-0.30806684494018555
0.6661223769187927
0.6792408227920532
-0.1795538067817688
-0.5731737017631531
-0.20881468057632446
-1.2466561794281006
0.7926369905471802
0.2936486005783081
-0.2616119980812073
-0.03597944602370262
-0.8957661986351013
-0.4074748158454895
-0.44161826372146606
-0.49709099531173706
-0.11801677942276001
-0.4278404116630554
0.8447120785713196
-0.7576227784156799
0.42450612783432007
0.11671441793441772
0.33834534883499146
-0.6063461303710938
-0.892308235168457
-0.7952027320861816
-0.675261914730072
-0.15298575162887573
-1.4750698804855347
-1.2144228219985962
-2.2051215171813965
0.33766716718673706
-0.14442723989486694
-0.5367296934127808
-0.44994407892227173
-0.7815200686454773
-0.28454554080963135
-0.410118043422699
0.2797878384590149
0.27512484788894653
-0.17344576120376587
-1.0350143909454346
-0.686076819896698
0.7694764733314514
0.595111608505249
-0.20957285165786743
-1.0955126285552979
0.7081292271614075
-0.13081151247024536
0.04950660839676857
-0.3602225184440613
0.1718645691871643
0.061189476400613785
-1.647533655166626
-0.8413068056106567
0.503383219242096
-0.3117268681526184
-0.19450587034225464
-0.7029089331626892
0.20053702592849731
-0.3916606307029724
-0.7626162767410278
0.1556200385093689
-0.24312156438827515
-0.8116501569747925
-0.8232710957527161
-1.319197654724121
-0.1743595004081726
0.5866580009460449
-0.8282714486122131
0.18546831607818604
-0.09775751829147339
-1.247849702835083
-0.45830094814300537
-0.2408333420753479
-0.022210415452718735
-0.0721709132194519
-0.09451872110366821
-0.746200680732727
-0.9374589920043945
-1.100353479385376
-0.9572582840919495
-0.4613264799118042
-0.7034252882003784
-0.29328233003616333
-0.6119270324707031
-0.38805001974105835
-0.2942124009132385
-0.9648889899253845
-0.5165302753448486
-0.9452264308929443
-1.2640273571014404
-1.700639247894287
-0.23764699697494507
-0.8456001281738281
-1.1116831302642822
-0.7828407883644104
-1.0571256875991821
-0.14991074800491333
-0.20208865404129028
-0.22923821210861206
0.1439618468284607
-0.98426353931427
-0.7325153350830078
-0.5651790499687195
-0.33946043252944946
0.07503420114517212
0.6064935922622681
-0.7706408500671387
-0.4924966096878052
-1.2688158750534058
-0.5668503642082214
-0.3550570607185364
-0.9515328407287598
0.6057499647140503
-1.7490856647491455
0.6193129420280457
0.043850723654031754
-0.03204351291060448
-0.11762779951095581
-0.6343565583229065
-0.33742254972457886
-0.36465591192245483
-0.2739388346672058
-0.9527056217193604
-1.1874092817306519
0.3819010853767395
0.34520047903060913
-0.7530861496925354
-0.22942298650741577
-0.28621000051498413
-0.316586971282959
-0.4047461152076721
-0.8614780902862549
-0.2601035237312317
0.006217066198587418
0.6378486752510071
0.3535152077674866
-0.03813963755965233
-0.0387987457215786
0.1922699213027954
-0.42028647661209106
-0.19755405187606812
-1.045358657836914
0.8835740685462952
0.5521852374076843
-0.0571175180375576
-1.4792073965072632
-0.7297292351722717
-0.5379250645637512
-0.21848613023757935
-0.6446622014045715
0.2759789228439331
-1.4063427448272705
0.6712857484817505
-0.10824400186538696
-0.4415121078491211
-1.0625698566436768
-0.6093876957893372
-1.0585062503814697
-1.033277153968811
-0.9315481185913086
-0.2811015248298645
0.11089807748794556
-0.3107503056526184
-0.7490468621253967
0.6895572543144226
0.3848750591278076
-0.7537418007850647
-0.46492451429367065
0.3648689389228821
-0.7166488766670227
-0.7006287574768066
-1.480002522468567
-0.03156166896224022
0.3799890875816345
-0.18519073724746704
-0.03225916251540184
-0.4494572877883911
-0.6821919679641724
0.09362691640853882
-0.3492446541786194
-0.3534991145133972
-0.030294235795736313
-0.5445932149887085
-0.8173644542694092
0.268859326839447
-0.5751732587814331
-0.7945893406867981
-0.380428671836853
0.14511865377426147
0.2909964919090271
0.3423164486885071
0.11211973428726196
-0.36726731061935425
-0.58113694190979
0.11370760202407837
-0.3023512363433838
-0.7360782623291016
-0.2778676152229309
0.22191756963729858
-0.6763281226158142
0.528508186340332
-0.9675833582878113
-0.3016873002052307
0.6454737782478333
-0.5399675965309143
-0.7391773462295532
-0.16716736555099487
-0.4170446991920471
-1.4615464210510254
-0.7008710503578186
-0.910798192024231
-0.8280118703842163
-0.9424058198928833
-0.4107251763343811
-0.7981444597244263
0.22781378030776978
-0.3459166884422302
-0.6390278935432434
-0.6645254492759705
0.5478925108909607
-0.4401742219924927
0.889006495475769
-0.3857859969139099
0.04625028744339943
-0.803760826587677
-0.11125773191452026
0.8300876617431641
-0.9200845956802368
-0.7754122018814087
-0.259488046169281
-0.6748332977294922
-1.1866915225982666
-0.4304733872413635
-0.6372150778770447
-0.022599991410970688
-0.6179637312889099
0.6991682648658752
-0.5041728019714355
0.07350081205368042
0.10668367147445679
-1.1428754329681396
-0.6120258569717407
-0.23608916997909546
-0.8426135778427124
-1.289123773574829
-1.2673585414886475
-1.4361350536346436
0.2836756110191345
-1.0303959846496582
-0.3289240002632141
-1.931792140007019
-1.1248011589050293
0.2747364640235901
-0.026739653199911118
-0.05635887011885643
-0.7425849437713623
0.0866885781288147
-0.1910664439201355
-0.5069953799247742
-0.737597644329071
-1.1026430130004883
-0.5988455414772034
-0.6212963461875916
-0.7639469504356384
-0.6015532612800598
-0.4594661593437195
0.7674276828765869
0.5267137885093689
-0.9983188509941101
-0.39936167001724243
-1.1452853679656982
-0.597248375415802
-0.3637898564338684
-0.6805628538131714
-0.9432684183120728
-0.8453456163406372
-1.2501633167266846
-0.6092114448547363
-1.1820385456085205
-0.5993387699127197
-0.7904998660087585
-0.622770369052887
-1.0489068031311035
0.5424079895019531
-1.0286990404129028
-0.46505576372146606
0.23174172639846802
0.699067234992981
-2.1103439331054688
-0.10832422971725464
0.7093928456306458
-0.42522162199020386
-0.8766524791717529
0.3012487292289734
0.4707528352737427
-0.8041988611221313
-0.30291956663131714
-1.0451915264129639
-0.9875766634941101
0.38989710807800293
-1.3314507007598877
-0.8531743884086609
-0.12397962808609009
-0.6070488691329956
-0.40112584829330444
-0.7744895219802856
-1.3777799606323242
-0.49298733472824097
-0.22504085302352905
-1.1011919975280762
0.17025381326675415
-0.1018877625465393
0.06319588422775269
-0.787296712398529
-0.4306848645210266
-0.6454552412033081
-0.8117476105690002
0.2794826626777649
-0.6679581999778748
0.41944795846939087
-1.2765851020812988
0.3856809735298157
-0.9194027185440063
0.5787858963012695
-0.24803310632705688
0.8492629528045654
0.29317706823349
-0.15462726354599
0.3597249388694763
0.246005117893219
-0.9052450060844421
0.8598195910453796
0.43291550874710083
-0.1986345648765564
-0.033520396798849106
-0.3444385528564453
-0.9084998965263367
-0.3766027092933655
-0.42029446363449097
-0.8615500330924988
-0.591626763343811
-1.2071583271026611
-0.4643843173980713
0.3290431499481201
0.4877110719680786
-1.506103754043579
-0.4675331711769104
0.4270448088645935
-0.7499492168426514
-0.03220861777663231
-0.7615447044372559
0.6065040826797485
-1.0552318096160889
-0.8725064992904663
0.09301215410232544
-0.28705281019210815
-0.9593077898025513
-1.6735975742340088
-1.0375447273254395
-1.281174659729004
-0.5414462685585022
0.0947539210319519
-0.5572879910469055
-1.3818011283874512
-1.2295145988464355
0.04882628098130226
0.5871385931968689
-0.7126145362854004
-0.6478180885314941
0.29841917753219604
-0.10749918222427368
0.0029446519911289215
0.18954187631607056
0.015949789434671402
-0.572257936000824
0.5387976765632629
-0.7196046710014343
-0.6279759407043457
0.1048474907875061
0.04045075550675392
0.466610848903656
-1.1507234573364258
-0.5612384676933289
-0.8810468316078186
0.036428872495889664
-0.6416416168212891
-1.321784496307373
-0.8774314522743225
0.055191222578287125
0.29199105501174927
-0.058405932039022446
-1.0480910539627075
-1.0044971704483032
-0.9412826895713806
-0.45857948064804077
0.017145220190286636
0.7045674920082092
-0.4259570837020874
0.16954058408737183
0.8731882572174072
-0.4087592363357544
0.41472917795181274
0.6780381798744202
-0.08700567483901978
-0.04167371615767479
0.42034125328063965
-0.3437427878379822
0.33824652433395386
-0.5893219113349915
-0.5056190490722656
-0.26639896631240845
0.5962007641792297
0.5867317318916321
-0.04034000262618065
-0.9105567336082458
-0.5106033682823181
-1.3200454711914062
-1.1175050735473633
-0.39560753107070923
0.31986385583877563
-0.5112584829330444
0.5563331842422485
-0.6410235166549683
-1.2955797910690308
0.20104414224624634
-0.6874366402626038
-1.1907610893249512
-0.6586147546768188
0.2507866621017456
0.5339480638504028
-0.16651862859725952
-0.7967516779899597
-0.7085066437721252
-0.27283936738967896
-0.8029323816299438
-1.6736502647399902
-0.1547808051109314
-0.752974808216095
-0.28810030221939087
-1.273444652557373
-0.2650110721588135
-0.7234054207801819
-0.16960102319717407
-0.3398507833480835
-0.34944766759872437
-0.14948004484176636
-0.4103800654411316
-1.2717686891555786
0.2865952253341675
-1.1707961559295654
-0.13384217023849487
-0.42962712049484253
0.3284052610397339
0.1874101758003235
0.5996769070625305
0.04483157768845558
-0.17394226789474487
0.8132812976837158
-1.323434591293335
-1.5651830434799194
-0.8541374802589417
-0.790998101234436
-0.35866254568099976
-0.6303033828735352
-0.39788442850112915
0.6968567967414856
-0.1424509882926941
-0.7461270689964294
-0.8128584623336792
-1.0223674774169922
-0.550052285194397
-1.1683543920516968
0.7950259447097778
-0.046689923852682114
0.2540193200111389
0.24949413537979126
0.8572123646736145
0.6495062708854675
0.31067246198654175
0.826120138168335
-0.31968241930007935
0.38878124952316284
-0.20357125997543335
-0.4995989203453064
-0.13800543546676636
-0.2974773049354553
0.4322041869163513
0.6775413155555725
-0.3443552851676941
0.11802011728286743
-0.7097499370574951
-0.09165459871292114
-0.33095353841781616
-1.1186444759368896
-0.03903990611433983
-0.049377139657735825
0.24156635999679565
-1.143826961517334
-0.9315027594566345
0.6945391893386841
-0.10403472185134888
-0.6753628849983215
-0.5886111855506897
-1.830273151397705
-0.2581549286842346
-0.1243789792060852
-0.12105900049209595
0.09514856338500977
-1.6079157590866089
-0.25616616010665894
-0.955194890499115
-1.4822676181793213
-1.5121574401855469
-1.2742183208465576
-1.1479793787002563
-2.0369977951049805
-1.0252947807312012
0.6329152584075928
-1.0832300186157227
-0.3906739354133606
-0.46162503957748413
-0.9845405220985413
-0.14233583211898804
0.6167232394218445
0.5757277011871338
0.35427016019821167
0.09997445344924927
0.0882377028465271
-1.0967659950256348
-0.202104389667511
-0.09483283758163452
0.6776677966117859
-1.079067349433899
0.46751898527145386
-0.15576964616775513
0.6435045003890991
-0.8278975486755371
0.5654296875
-1.2106704711914062
-0.42057132720947266
0.21993619203567505
-0.5306556820869446
-0.2667585015296936
-1.755164623260498
-0.23439890146255493
-1.6883422136306763
-2.382025718688965
-0.11631673574447632
-0.5953763127326965
-0.46554386615753174
-0.4055102467536926
-0.248002827167511
-0.6684558391571045
0.7762495279312134
0.5946483612060547
0.6003245115280151
0.3754289150238037
0.6718902587890625
-0.2949562668800354
-1.3137145042419434
-0.4105275869369507
-0.7941150665283203
-0.47499537467956543
-0.8793794512748718
-0.854648232460022
-0.6265221834182739
-0.990349292755127
-1.4588470458984375
-1.109714150428772
0.03850967064499855
0.25365203619003296
-0.7096807360649109
-0.9211387634277344
-0.8844866752624512
-1.2610893249511719
0.013920847326517105
0.4251479506492615
-0.5355297327041626
0.43470925092697144
-0.6344848275184631
-1.178937315940857
-0.2335001826286316
-1.444568395614624
0.009446326643228531
-0.48329704999923706
0.12133342027664185
-0.5580828189849854
-0.6689245104789734
-0.4442630410194397
-0.5141507983207703
0.8616883158683777
0.0014371313154697418
-1.1773746013641357
0.1200149655342102
-0.5617364048957825
-1.37331223487854
-1.2341703176498413
0.0739017128944397
-0.8439218997955322
-0.5031487345695496
0.0016928352415561676
-1.481229305267334
0.1890527606010437
-0.6542395949363708
-2.0140976905822754
-0.6886889934539795
0.27241086959838867
0.3418685793876648
0.17181211709976196
0.6371158361434937
0.2689957022666931
-0.6493203043937683
-1.0519071817398071
-0.6996336579322815
0.02717560902237892
-1.5336854457855225
-1.424611210823059
-0.06338530778884888
-0.8974418640136719
-0.39595574140548706
-0.8270549178123474
-0.6216781735420227
-0.5476983189582825
-1.0576947927474976
0.32870930433273315
-0.6044312119483948
-0.5864877104759216
-0.779401957988739
-1.2692151069641113
-0.7726520299911499
0.8049737215042114
-0.5749303698539734
0.5348545908927917
0.09246784448623657
-1.3270032405853271
-1.4409254789352417
-0.7312343120574951
0.21071678400039673
0.20364803075790405
-0.1924942135810852
-0.9789904952049255
0.01525968685746193
-0.04416566714644432
0.7050496339797974
-0.7847787141799927
-0.5258947014808655
-0.5549135208129883
-0.6068348288536072
0.4675648808479309
0.26780253648757935
-0.009160097688436508
-0.5593014359474182
-1.1907199621200562
0.19387561082839966
-0.3515526056289673
-0.38547199964523315
-1.3851521015167236
-0.10966354608535767
-0.09326452016830444
-0.10278064012527466
0.3097350597381592
-0.6761180758476257
-0.8124139308929443
-0.24314111471176147
-1.0882205963134766
-0.8739445805549622
-0.5170379281044006
-0.7973561882972717
-0.6492487192153931
-0.6196577548980713
-0.6274348497390747
0.08362716436386108
-0.3642776608467102
-0.8581464290618896
-0.3076738715171814
-0.14550632238388062
-0.9066056609153748
-1.123691439628601
0.15021520853042603
-0.8108832240104675
-1.2495123147964478
-0.7526840567588806
-1.1089963912963867
-0.46315938234329224
-0.1140480637550354
-0.6633375883102417
0.33710777759552
-0.6960941553115845
-0.6475936770439148
-0.9432852268218994
0.02774781361222267
-1.7167127132415771
-1.666811466217041
0.09172278642654419
-0.16508197784423828
-1.5452228784561157
-0.7344300150871277
0.16257953643798828
-0.23597103357315063
-0.5537440180778503
-1.1011567115783691
-0.5694991946220398
-2.4455769062042236
-1.0952613353729248
0.2001057267189026
-0.8864704370498657
-0.29718488454818726
-0.5668027997016907
-0.8004754781723022
-0.8597198724746704
-0.3958452343940735
-0.9637006521224976
-0.9833979606628418
0.12017041444778442
-0.9044657945632935
0.1692914366722107
0.1692914366722107
0.19072824716567993
-0.53867107629776
0.10805672407150269
0.34338515996932983
0.5622461438179016
0.0896114706993103
-0.5747153759002686
-1.225522518157959
-0.6479039192199707
-1.7648303508758545
-0.7401224374771118
-0.03842252120375633
-0.6412948369979858
0.16967791318893433
-0.08057111501693726
-0.35261422395706177
0.35819345712661743
0.5283477902412415
0.5902640223503113
-0.333004891872406
0.7841225862503052
-0.26653581857681274
0.6616544127464294
-0.7932442426681519
0.2341262698173523
-0.18625015020370483
-0.9386481046676636
-1.112379789352417
-0.0008843503892421722
0.32181400060653687
-0.6791586875915527
-1.2300575971603394
-0.7455950975418091
-1.3467211723327637
-0.9779725670814514
-1.2266712188720703
0.19064074754714966
0.3154599070549011
-0.6341958045959473
-0.37054258584976196
-0.029086526483297348
-0.36036425828933716
0.1153382658958435
0.5825517773628235
-0.5074959993362427
-0.4911794066429138
-1.095475435256958
0.013805333524942398
0.16280490159988403
0.019359294325113297
-1.6889530420303345
-0.48315781354904175
-0.42503899335861206
-0.3879169821739197
0.8079404830932617
0.20104700326919556
0.018884126096963882
0.025707904249429703
-0.9311954379081726
-0.5829988121986389
-1.2841993570327759
0.372672975063324
0.6975136995315552
-1.1975171566009521
-0.25909310579299927
-0.48468440771102905
-1.0343431234359741
-0.3081638216972351
-1.505275011062622
-0.9497097730636597
-0.4192560315132141
-0.4342877268791199
-0.28050696849823
0.17465418577194214
0.40147602558135986
0.7984232902526855
0.2894945740699768
0.8927236795425415
0.7946251034736633
-0.9789583683013916
0.1107744574546814
0.6516318321228027
-0.6197500824928284
0.038981739431619644
0.5051248669624329
0.30460894107818604
0.6605485677719116
-0.5442724227905273
-0.4505230784416199
-0.46896833181381226
0.16717320680618286
0.2567763328552246
0.5078888535499573
-0.01354413852095604
-0.6604459881782532
-0.5305017232894897
-0.07403331995010376
0.3940960764884949
-1.206355333328247
0.6070680618286133
0.09042376279830933
-0.051072534173727036
-0.296799898147583
0.44424355030059814
-0.3392409086227417
0.32919472455978394
-1.3132869005203247
0.03706890717148781
-1.1000709533691406
0.10058814287185669
0.3005353808403015
-0.1946081519126892
-1.2642911672592163
-0.8106581568717957
-0.44255954027175903
-1.603426456451416
-1.5807467699050903
0.06324893236160278
-1.2585340738296509
-1.1970220804214478
-0.8732182383537292
0.329800546169281
-0.8356932997703552
-0.5037028789520264
-0.8593748807907104
-0.0011191926896572113
-2.3639912605285645
-1.299415111541748
-0.10796493291854858
-0.5272127389907837
0.7744032740592957
-0.17777830362319946
-0.08851975202560425
-0.7480153441429138
-0.694343626499176
-0.2500993609428406
-0.3887399435043335
0.7003928422927856
0.5400192141532898
0.07677203416824341
-1.2946903705596924
-0.8147231340408325
-1.338538408279419
0.4027557969093323
0.2552204728126526
-0.33886486291885376
-1.81731116771698
-0.5172020792961121
-0.2732853293418884
-0.5503771901130676
-0.31478244066238403
-0.7964187860488892
-0.6709180474281311
-0.3927304744720459
-0.2835455536842346
-0.44539088010787964
-0.16867762804031372
-0.7224550247192383
-0.5864838361740112
-0.9344802498817444
-0.6434335708618164
0.7314693927764893
-0.07911843061447144
-0.9654470682144165
-0.14159363508224487
-0.06455260515213013
-0.5667180418968201
-0.19316595792770386
-0.39803630113601685
-0.13500124216079712
0.6324678659439087
-0.2609579563140869
0.171156108379364
-0.5371496081352234
-0.18678146600723267
-0.8596465587615967
0.05993909016251564
-0.9939731359481812
0.19737571477890015
-0.5219081044197083
0.020367208868265152
-0.6012353897094727
-0.7438039779663086
-2.045753002166748
-1.4478224515914917
0.3154352307319641
-0.20133453607559204
-2.300443410873413
0.3980301022529602
-0.2791059613227844
-0.3865847587585449
0.26026779413223267
-0.14672034978866577
0.1990082859992981
-0.2799839377403259
-0.8788782954216003
-1.4458853006362915
-0.649763822555542
-0.9450902938842773
-0.46690958738327026
-0.7247222661972046
0.7122630476951599
-0.5916755795478821
0.21383750438690186
-0.5305960178375244
-0.21946758031845093
-0.21998673677444458
-0.9475849866867065
-0.90971440076828
0.291445791721344
-0.7832465171813965
-0.9889843463897705
-0.25426584482192993
-0.27352386713027954
-0.5294333696365356
0.14025956392288208
0.31592923402786255
-0.2844619154930115
0.03533274307847023
-0.5050145387649536
-0.21517091989517212
