0.6616391539573669
0.28020864725112915
-1.0567227602005005
-0.692845344543457
0.4418085217475891
0.21045953035354614
0.7963136434555054
-0.12393432855606079
-0.5143099427223206
-0.7856003642082214
-0.3941754698753357
-0.10645228624343872
0.3314322233200073
0.20760005712509155
-1.2446787357330322
-1.132063388824463
0.09346717596054077
0.15025615692138672
-0.9488639831542969
-0.27052825689315796
-0.4693623185157776
-0.827181339263916
-0.14618152379989624
-0.2237204909324646
0.31811314821243286
-0.7527046799659729
-0.26345568895339966
-1.2955563068389893
0.0365181602537632
0.8156936168670654
-0.4459940791130066
-1.5069338083267212
-0.7717468738555908
-0.5829474925994873
-0.6523266434669495
0.3187369704246521
0.9375818967819214
-0.7037196755409241
0.15079718828201294
0.41661006212234497
-0.003966029733419418
0.06213778629899025
-1.051801085472107
-1.5637953281402588
0.6201269030570984
0.09841376543045044
0.19339388608932495
0.07014769315719604
-0.3617057204246521
-1.138970971107483
-0.6911254525184631
0.433432400226593
-0.058753546327352524
0.43925708532333374
0.7149587273597717
-0.7611343860626221
-0.34335583448410034
-0.11945825815200806
0.37972092628479004
-1.186333179473877
-0.5816715359687805
-0.22949248552322388
0.055501047521829605
-0.14841264486312866
-0.8424115777015686
-0.8624967336654663
0.7442784309387207
-0.5430262684822083
-1.3966341018676758
-0.42713266611099243
-0.5099918246269226
-0.9225348234176636
-0.8543211221694946
-1.059781551361084
-0.4484134316444397
-0.8505086302757263
0.5120747089385986
-0.4110948443412781
-0.37191134691238403
0.6749899983406067
-0.6859880089759827
-0.4129289984703064
-0.8027361035346985
-1.0173308849334717
0.7755284309387207
-0.795253574848175
-0.37173908948898315
0.24155265092849731
0.1125292181968689
0.5618191957473755
0.2794683575630188
-0.5505220890045166
0.07312184572219849
-1.1883068084716797
-1.102005958557129
0.6062943935394287
0.3780211806297302
-0.764689028263092
-0.6584442257881165
-0.6398821473121643
-1.271585464477539
-0.029306109994649887
0.2850164771080017
-0.7647043466567993
0.06907767057418823
-0.09051662683486938
0.1565799117088318
0.4244655966758728
-1.1852967739105225
-0.6589715480804443
-0.7541065216064453
-0.5138567686080933
-0.01900988444685936
0.33439165353775024
-0.8158842921257019
-0.3302850127220154
-0.6464422941207886
0.04233760014176369
-0.6865683197975159
-0.9928392171859741
-0.7153757214546204
-0.2751457095146179
0.25857752561569214
-0.6336102485656738
0.9203884601593018
-0.4836800694465637
-0.068928062915802
-0.3607017993927002
-0.1622452735900879
-0.2653581500053406
-0.8966178894042969
-0.22468751668930054
-1.1008802652359009
0.0056394971907138824
0.5571576356887817
0.5837555527687073
-0.011065538972616196
0.03718346729874611
-0.4647027850151062
-0.10149890184402466
-0.6888970732688904
-0.15874797105789185
-0.7684605717658997
-0.018820222467184067
-0.9548033475875854
-0.4019865393638611
0.8733557462692261
0.15063685178756714
0.3769746422767639
-0.29554635286331177
-0.40902096033096313
0.17963773012161255
-0.4000752568244934
0.6392910480499268
0.4881591200828552
0.8081217408180237
0.6625589728355408
0.5847230553627014
-0.24960023164749146
-0.8053197860717773
-0.07558077573776245
-0.5918798446655273
-0.36735427379608154
-0.6225368976593018
-0.7576227784156799
-0.412497341632843
-0.7250699996948242
-0.6017705798149109
-0.7634857296943665
-0.9341000914573669
-0.31206363439559937
0.2078379988670349
0.17380291223526
-1.0393126010894775
0.8234203457832336
-0.7338783144950867
-0.36503177881240845
0.38816195726394653
0.014910880476236343
-0.03543275222182274
-0.341525137424469
0.18793326616287231
-1.0779616832733154
0.14935272932052612
-0.29782575368881226
-0.17344576120376587
-1.0350143909454346
-0.7267375588417053
0.6402361989021301
0.9103909730911255
-0.16671770811080933
-0.8450058102607727
0.7081292271614075
-0.5523657202720642
0.04950660839676857
-0.6893255114555359
0.5710784792900085
0.662767231464386
-1.8347183465957642
0.8604321479797363
-0.26209038496017456
-0.0690264105796814
-0.5392050743103027
-0.16354495286941528
0.20053702592849731
-0.2835931181907654
-0.01769750937819481
-0.5697369575500488
0.5535522699356079
-0.4667202830314636
-1.164371132850647
-1.4342976808547974
-0.6522860527038574
0.5866580009460449
-0.8282714486122131
0.1876545548439026
-0.18112140893936157
-1.183398962020874
-0.8270158767700195
-0.02596956118941307
0.4030616879463196
-0.7447525262832642
-0.09451872110366821
-0.25752609968185425
-0.8376718759536743
-0.5665981769561768
-0.3191375136375427
0.19996947050094604
0.9161704182624817
-0.6778896450996399
-0.6414074301719666
-0.5969089269638062
-0.5262976884841919
-0.8680186867713928
-0.5383873581886292
-0.38311368227005005
-0.9906777739524841
-1.240825891494751
-0.5342569351196289
0.35574978590011597
-0.7912154793739319
-0.6216877102851868
-0.0972335934638977
-0.35348933935165405
0.398651123046875
-0.056878384202718735
-0.2467760443687439
0.03512639179825783
-0.35040706396102905
0.6177487373352051
0.5071932077407837
0.404940664768219
0.6064935922622681
-0.7706408500671387
-0.2785319685935974
-0.20241409540176392
-0.10737615823745728
-0.37497133016586304
-0.512954831123352
0.8654798269271851
-1.3431191444396973
0.2217276692390442
0.37906259298324585
0.2862876057624817
-0.16014069318771362
-0.4585101008415222
0.6748237609863281
-0.22239381074905396
-0.5286723971366882
0.056988660246133804
-1.2227869033813477
0.8216658234596252
0.5288513898849487
-0.7857264876365662
0.09427803754806519
0.47371286153793335
-0.21252447366714478
-0.0513492189347744
0.1355167031288147
0.2647048830986023
0.006217066198587418
-0.5281708836555481
0.5064406394958496
0.13504236936569214
-0.39805299043655396
-0.42741626501083374
0.1951867938041687
0.10390275716781616
-0.13153809309005737
0.8835740685462952
0.42502593994140625
-0.5196778178215027
-1.11034095287323
0.2061787247657776
-1.3165643215179443
0.20535129308700562
-0.6165300011634827
-0.00038510188460350037
-0.9163489937782288
-0.3285970091819763
-0.498832643032074
-0.4393307566642761
-0.4622712731361389
0.6283969283103943
-0.7140244841575623
-0.9655359387397766
-0.871702253818512
-0.46206730604171753
0.4047502279281616
-0.26806777715682983
-0.17629212141036987
0.6895572543144226
0.36709529161453247
-0.1055099368095398
-0.6220440864562988
0.5284553170204163
-0.5923065543174744
-0.7006287574768066
-1.480002522468567
-0.49922508001327515
0.6811589598655701
0.043564025312662125
0.6482380628585815
-0.18155616521835327
-0.6661942005157471
-0.15860599279403687
-0.3944123387336731
0.5081920623779297
-0.6630949974060059
0.11084586381912231
-0.680149257183075
0.268859326839447
-0.32016974687576294
-0.747761607170105
-0.5557277798652649
0.18785220384597778
0.2909964919090271
0.9113371968269348
0.4449174404144287
-0.43072348833084106
-0.668881356716156
0.6936136484146118
-0.03911953791975975
-0.4803740382194519
-0.11295777559280396
0.28468436002731323
-0.6763281226158142
0.4291216731071472
-0.2757466435432434
0.06608313322067261
0.7502133846282959
-1.2335014343261719
-0.3987078070640564
-0.07384508848190308
-0.1643323302268982
-0.2718154788017273
-0.3232824206352234
0.32516103982925415
-0.5616000294685364
-0.925304651260376
-0.23541241884231567
-0.7905734777450562
0.20993846654891968
-0.38090187311172485
-0.3926604986190796
0.15245658159255981
0.2760041356086731
0.05586928501725197
0.889006495475769
0.11638551950454712
-0.4252087473869324
-0.6356165409088135
-0.37621909379959106
0.8300876617431641
-1.1978272199630737
-0.6079748272895813
-0.4286074638366699
-0.1244933009147644
-0.9744558334350586
-0.5285918116569519
-0.6597230434417725
0.7528408169746399
-0.21824568510055542
0.5279247164726257
-0.42905694246292114
0.5588715672492981
0.20490199327468872
-0.12537330389022827
-0.5999828577041626
-0.07331603765487671
-0.8255687355995178
-0.4557528495788574
-0.8365532755851746
0.05706745758652687
0.5829153060913086
0.0661514401435852
-0.6788142323493958
-0.27557891607284546
-1.5557570457458496
0.7849594354629517
-0.7271482944488525
-1.1186230182647705
-0.7186446785926819
0.17377108335494995
-0.1318172812461853
-0.524148166179657
-0.3314952254295349
-0.35094624757766724
-0.3384189009666443
-0.3826153874397278
-0.7101389765739441
-0.9048457741737366
-0.4086439609527588
0.5908051133155823
0.7651894688606262
0.6354474425315857
0.4849763512611389
-0.9499459862709045
-0.49262166023254395
-1.0430150032043457
-0.8369858264923096
-1.0052850246429443
-0.9625258445739746
-0.786319375038147
-0.33551448583602905
-0.8224058151245117
-0.8021285533905029
-0.7904998660087585
-0.6298456788063049
-0.2690892815589905
-0.014963086694478989
-1.0286990404129028
-0.8571096062660217
0.23174172639846802
-0.7379958033561707
0.27201682329177856
0.3425382971763611
0.4039471745491028
-0.5132642388343811
-0.5716976523399353
0.3012487292289734
0.8603082895278931
-0.6269152760505676
0.7812522649765015
-0.546078622341156
-0.2511245608329773
0.0701255202293396
-0.7773823142051697
-0.6894528865814209
-0.3478427529335022
-1.0571856498718262
-0.3894001841545105
-0.30454951524734497
0.14510053396224976
-0.1256985068321228
-0.8578760027885437
0.9221305251121521
0.2767014503479004
0.06200486794114113
-0.4948405623435974
-0.31683415174484253
-0.22961705923080444
-1.2474329471588135
-0.2521595358848572
0.7642921805381775
-0.8189156651496887
-0.14370030164718628
-0.45936328172683716
0.5610778331756592
-1.2371842861175537
0.4194757342338562
-0.32076483964920044
0.8492629528045654
0.29317706823349
-0.10411792993545532
0.6596084833145142
-0.037426408380270004
0.773734450340271
0.8598195910453796
0.5464400053024292
0.8719598054885864
-0.08741921186447144
-1.883150577545166
-0.8904179930686951
0.12680262327194214
-0.6002770662307739
0.07564705610275269
0.520791232585907
-0.7335749864578247
-0.6764217019081116
0.22726255655288696
0.4877110719680786
-0.9283162951469421
-1.7468935251235962
0.08710891008377075
-0.3157011866569519
-0.38915902376174927
-1.0003057718276978
0.6065040826797485
-1.2042495012283325
-0.41522216796875
0.7989299297332764
-0.3259945511817932
-1.0157274007797241
-1.3720766305923462
-1.1217162609100342
-0.2907201647758484
-0.911760151386261
0.5360571146011353
-0.32253676652908325
-1.6600853204727173
-0.9755250215530396
-0.2711804509162903
0.2155861258506775
-0.767318069934845
0.7653881311416626
-0.018456753343343735
-0.7714258432388306
0.0029446519911289215
0.18954187631607056
-0.8693529367446899
-0.572257936000824
0.878176212310791
-0.6967699527740479
0.07921725511550903
0.3888363242149353
0.5436514019966125
0.105776846408844
-1.0041605234146118
0.3714810013771057
0.14194327592849731
-0.24507027864456177
-0.5433498024940491
-0.7537915110588074
-0.7275323867797852
0.18676221370697021
0.1406744122505188
-0.058405932039022446
-0.5653854012489319
0.08729642629623413
-1.1582331657409668
0.16799908876419067
0.029698792845010757
-0.6008976101875305
-0.36165177822113037
0.4722960591316223
0.8731882572174072
-0.3982606530189514
0.16753774881362915
0.7521652579307556
-0.6305696964263916
0.425523579120636
0.7710143327713013
-0.07191413640975952
0.07219845056533813
-0.5371187329292297
-0.2787471413612366
-0.48600417375564575
0.6488232016563416
0.5867317318916321
0.09316033124923706
-0.7134544849395752
-0.8650880455970764
-1.373889446258545
-1.2229856252670288
-0.44344496726989746
0.6334080696105957
0.22545868158340454
0.8248140215873718
0.07717591524124146
-1.1163055896759033
-0.8110923767089844
-0.09466081857681274
-0.2367900013923645
0.16745001077651978
0.6500185132026672
0.5339480638504028
-0.3056555390357971
-0.9266138076782227
-0.9432421326637268
-0.6460903882980347
-0.8314451575279236
-0.179531991481781
-0.02586429938673973
-0.9268344640731812
-0.6544723510742188
-0.24389463663101196
0.07273274660110474
-0.010467227548360825
-0.23536425828933716
-0.4242090582847595
0.028360072523355484
-0.7877055406570435
-0.5741819739341736
-1.6344358921051025
0.12802475690841675
-0.32904475927352905
0.5340613722801208
-0.43113499879837036
-1.3039913177490234
0.0909317135810852
-0.04132550582289696
0.2866947054862976
0.6265425682067871
0.6586725115776062
-0.4291885495185852
-1.0579981803894043
-0.655784547328949
-1.0826070308685303
-0.8942776918411255
-0.6237399578094482
-0.4257466793060303
0.6968567967414856
-0.7807946801185608
-0.6489941477775574
-0.09660285711288452
-1.012965440750122
-0.9787729978561401
-0.7082880139350891
0.5377501249313354
-0.022854503244161606
0.22509557008743286
0.21915119886398315
0.8572123646736145
0.7896249890327454
0.10858231782913208
0.826120138168335
0.8572384715080261
-0.31252557039260864
-0.9818427562713623
-0.42870479822158813
0.5903227925300598
-0.6969638466835022
0.5541002750396729
0.465861976146698
-0.6677078604698181
0.11802011728286743
-0.13814777135849
-0.16290193796157837
-0.3901450037956238
-0.2516692280769348
0.12274521589279175
-0.057494815438985825
0.732124924659729
0.29978781938552856
-0.4004306197166443
0.6945391893386841
-0.12705200910568237
-0.12935477495193481
-0.5820813775062561
-1.0214476585388184
-0.2622217535972595
-0.06124621257185936
-0.10746902227401733
0.00882524624466896
-0.35247987508773804
0.36853569746017456
0.05945951119065285
-1.6088260412216187
-1.4708168506622314
-0.8386523723602295
-0.17713028192520142
-1.1865367889404297
-1.042056918144226
-0.1006280779838562
-0.2448520064353943
-0.11952763795852661
-0.49557429552078247
-0.13703542947769165
0.5671678781509399
0.4928414225578308
-0.06135326251387596
0.5727236270904541
-0.11688631772994995
-0.4682915210723877
0.2803940176963806
-0.202104389667511
-0.5439558029174805
0.6776677966117859
-0.9633559584617615
0.37136518955230713
-0.9317386746406555
0.6435045003890991
-0.7341787815093994
-0.7400953769683838
-0.5765852928161621
0.4620435833930969
0.2978326678276062
-0.540893018245697
-0.4622683525085449
-0.8989614248275757
-0.8026833534240723
-0.7155151963233948
-1.8302963972091675
-0.11631673574447632
-0.5953763127326965
-0.4663301706314087
-0.27154380083084106
0.18713980913162231
0.588926374912262
0.9518093466758728
0.5946483612060547
0.8166013360023499
0.12325900793075562
0.6718902587890625
-0.2949562668800354
-0.11725503206253052
-0.5751158595085144
0.524302065372467
-0.06502598524093628
0.05737513676285744
-0.07406634092330933
-0.0853617787361145
-0.675081193447113
-1.0837570428848267
-0.06087237223982811
-0.22227531671524048
-0.4577382802963257
-0.7925267219543457
-0.6390159130096436
-1.1175767183303833
0.022156063467264175
0.6104745864868164
0.8049094676971436
-1.1552188396453857
-0.2891996502876282
-0.5480149388313293
-0.603164792060852
0.3353763222694397
-1.2555716037750244
0.44102758169174194
-0.7504432201385498
0.0837637186050415
-0.14334553480148315
0.4792044758796692
0.12314563989639282
-0.3026464581489563
0.8616883158683777
0.0014371313154697418
-0.6588093042373657
0.1458548903465271
-0.39234161376953125
-1.249436855316162
0.3004246950149536
0.0739017128944397
-0.42553311586380005
0.04925209656357765
0.0016928352415561676
-0.5321709513664246
-0.6266686320304871
-0.23329561948776245
-0.623778760433197
0.1847582459449768
-0.45546048879623413
0.22184133529663086
0.25225162506103516
0.19400626420974731
-0.03869515284895897
-0.6493203043937683
-0.46105509996414185
-0.5175021290779114
-0.2750926613807678
-0.6690292954444885
-0.9219269752502441
0.3679910898208618
-0.7416793704032898
-0.23772114515304565
-0.9321151971817017
-0.7556713223457336
-0.7893322110176086
-0.48840320110321045
-0.33738237619400024
-0.04057997092604637
-0.33045417070388794
-0.720144510269165
-0.2210511565208435
0.33462268114089966
0.7387909889221191
0.02667051926255226
-0.3938376307487488
0.33046823740005493
-0.3785626292228699
-0.9287645816802979
-0.16966146230697632
-0.2094774842262268
0.20364803075790405
0.05270034447312355
0.5367416739463806
0.3391379714012146
-0.06653541326522827
0.7029074430465698
-0.6637575030326843
-0.2309390902519226
-0.20546871423721313
-0.4694274067878723
0.4675648808479309
0.26780253648757935
0.7064408659934998
-0.463326096534729
-1.320554494857788
0.19387561082839966
-0.2515363097190857
-0.19679099321365356
-1.096786618232727
-0.7006950974464417
-0.17496174573898315
-0.06914585828781128
0.17759627103805542
-0.7852233052253723
-0.0934414267539978
-0.2768046259880066
-1.0479403734207153
-0.948754608631134
-0.43873053789138794
-0.7276081442832947
-1.0954960584640503
-0.9664762020111084
-0.5740492343902588
-0.15883129835128784
-0.3642776608467102
-0.1458781361579895
-0.16939884424209595
-0.223985493183136
-0.2264307141304016
-0.22245603799819946
0.15021520853042603
-0.8108832240104675
-0.8501551747322083
-0.7526840567588806
-0.15820294618606567
-0.5630705952644348
-0.20356100797653198
-1.051243543624878
-0.09838587045669556
-0.6235702037811279
0.2566222548484802
-0.3637484908103943
-0.223766028881073
-1.8274366855621338
-1.4777435064315796
0.7400863766670227
-0.07630914449691772
-0.21511954069137573
-0.17658203840255737
0.9291088581085205
0.017756644636392593
-0.8327725529670715
-0.21344619989395142
0.4759376645088196
-1.6676199436187744
-0.9631167054176331
-0.6064539551734924
-0.7121338844299316
-0.38428884744644165
-1.548697829246521
0.008359018713235855
0.20953994989395142
0.6720974445343018
-1.0730617046356201
-0.11136513948440552
0.01063341274857521
-0.9246042370796204
0.9747006297111511
0.9747006297111511
-0.31722837686538696
-0.1175265908241272
0.10805672407150269
-0.41224831342697144
0.5622461438179016
0.12679964303970337
-0.7592448592185974
-0.8208116292953491
-0.41775578260421753
-0.8275060057640076
-0.7401224374771118
0.037567440420389175
-0.42714637517929077
-0.4901511073112488
0.0682486891746521
0.09767383337020874
0.37136536836624146
0.5283477902412415
0.9014321565628052
-0.050620611757040024
-0.27314502000808716
0.9114335179328918
0.07414501905441284
-0.7932442426681519
0.17874175310134888
-0.09987848997116089
-1.027645468711853
-0.40531212091445923
0.24871379137039185
-0.6162487268447876
-1.3420679569244385
-0.7250505089759827
-0.8083542585372925
-1.0265840291976929
-0.5561341047286987
-0.686517596244812
-0.17546683549880981
0.3154599070549011
-0.7316980957984924
-0.37054258584976196
-0.13047999143600464
-0.8124061226844788
-0.2980561852455139
0.5825517773628235
0.33503204584121704
0.0816076397895813
0.3915579319000244
-0.21929794549942017
0.16280490159988403
-0.2535772919654846
-0.5386768579483032
-0.3036370873451233
-0.6589016318321228
-0.8832300305366516
0.8079404830932617
0.89104825258255
-0.15191155672073364
0.3701837658882141
-0.21880286931991577
-0.6383546590805054
-0.7973577976226807
0.32331305742263794
0.4611303210258484
-1.001879334449768
0.15589302778244019
0.4531736373901367
-0.4919140934944153
-0.11489838361740112
-1.0446442365646362
-1.2777506113052368
-0.28308314085006714
-0.925700306892395
0.4183656573295593
0.4694783091545105
0.7024970054626465
0.7984232902526855
0.43270063400268555
0.8927236795425415
0.7946251034736633
-0.3821091055870056
0.2080622911453247
0.8059893846511841
-0.5861613154411316
-0.2622302174568176
0.3056594729423523
0.09129244089126587
0.6605485677719116
0.4802737832069397
0.2203109860420227
-0.18619245290756226
0.3276327848434448
-0.548731803894043
0.5078888535499573
-0.1902744174003601
-0.6515821814537048
-0.002950366586446762
-0.10335427522659302
0.6310898065567017
-0.3654378056526184
0.556008517742157
0.7996829748153687
-0.5316261649131775
-0.3331899046897888
-0.8221693634986877
-0.6213583946228027
0.6243274211883545
-0.8132766485214233
-0.9406352043151855
-0.46140140295028687
0.10058814287185669
0.41630691289901733
-0.5329789519309998
-0.6543717384338379
-1.0170389413833618
-0.2927338480949402
-0.6759357452392578
-1.0186100006103516
0.1929592490196228
-0.2543845772743225
-0.37769150733947754
-0.1968734860420227
0.4116749167442322
-0.7344881892204285
-0.5263684988021851
-0.7616521120071411
-0.579226553440094
-0.7404230833053589
-1.1314678192138672
0.22795671224594116
-0.5272127389907837
0.7744032740592957
-0.17777830362319946
0.8946672081947327
0.22999829053878784
-0.6026031970977783
0.47090965509414673
0.06074327602982521
0.8406901359558105
0.8781334757804871
0.07677203416824341
-0.8457279801368713
0.27127403020858765
-1.2091094255447388
0.20933669805526733
-0.2482725977897644
-0.857943058013916
0.01811153069138527
-0.2685392498970032
-0.4237061142921448
-0.5247742533683777
-0.5478610992431641
-0.3053988814353943
-0.6709180474281311
-0.6138980388641357
-0.36970847845077515
-0.41689395904541016
-0.16867762804031372
-0.639690637588501
-0.7774738669395447
-0.793337881565094
0.4718242883682251
-0.602017343044281
0.3751651644706726
-0.4394475817680359
0.3179340958595276
0.04977721348404884
-0.016881760209798813
-0.7172728180885315
-0.3304223418235779
-0.3711499571800232
-0.004029568284749985
0.05597371235489845
0.171156108379364
-0.701714277267456
-1.1009116172790527
-1.0039793252944946
0.8040222525596619
-0.4243651032447815
-0.012272056192159653
0.2508009672164917
0.13317948579788208
-0.423011839389801
0.16836196184158325
-1.3118337392807007
0.4851462244987488
0.21105152368545532
-0.19075506925582886
-1.277693510055542
0.6861187219619751
0.19177132844924927
0.358906090259552
0.28867417573928833
-0.8408352136611938
-0.10456115007400513
-0.3708212971687317
-0.2551407217979431
-0.6092833280563354
0.5516617298126221
0.35250312089920044
0.5257400870323181
-0.6299976706504822
0.5259298086166382
0.8556767106056213
0.04138106480240822
-0.7533853650093079
-0.16999536752700806
-0.09268790483474731
-0.3687283396720886
-0.7881472706794739
0.09306257963180542
-0.13782376050949097
-0.7011527419090271
-0.5675868988037109
0.007204953581094742
0.5360807776451111
0.46359848976135254
0.538024365901947
-0.24335771799087524
-0.025359805673360825
-0.42331254482269287
-0.08335286378860474
