0.6616391539573669
0.30029553174972534
-1.4563528299331665
-0.9728357195854187
0.2517070174217224
0.8113988041877747
-0.5776837468147278
-0.7022744417190552
-0.530371904373169
-0.5353100299835205
-1.026885986328125
-0.9888063073158264
0.3314322233200073
-0.271088182926178
-1.0015357732772827
-0.8402255773544312
-0.23637479543685913
-0.5567827820777893
-0.9029276967048645
-0.8150205612182617
-0.9810642004013062
-0.6396968960762024
-0.06521016359329224
0.04779750481247902
0.04879206791520119
-0.7527689933776855
-0.26345568895339966
-1.3550488948822021
-0.4277145266532898
0.1621367335319519
-0.9344409108161926
-0.7637055516242981
-1.0420316457748413
-0.8321312665939331
-1.020904541015625
-0.9023743271827698
0.9375818967819214
-0.7691484093666077
-0.7004177570343018
0.41661006212234497
0.10902410745620728
0.6739246249198914
-0.8396391868591309
-1.0986692905426025
-0.9919095635414124
-0.15138286352157593
0.35574012994766235
0.14349335432052612
-0.11413794755935669
-1.0837368965148926
-0.7448132038116455
-0.4991864562034607
-0.16853004693984985
-0.2894001007080078
0.7928268313407898
-0.9096344709396362
-0.34335583448410034
-0.07943469285964966
-0.03902071341872215
-0.6857696771621704
-0.2464008927345276
-0.3691467046737671
-0.2650863528251648
-0.5675087571144104
-0.7842610478401184
-0.7159700393676758
-0.33921533823013306
-0.9411996006965637
-1.1253366470336914
-0.8115520477294922
-0.5099918246269226
-0.8682522177696228
-0.4706968665122986
-0.8047783970832825
-0.5176708698272705
-0.5812920331954956
0.6103025674819946
-0.4110948443412781
-1.1623530387878418
-0.7213053703308105
-0.6874745488166809
-0.9664353132247925
-1.1805541515350342
-0.5730897784233093
0.49447518587112427
-0.795253574848175
-0.8064730763435364
-0.2709895968437195
-0.45543307065963745
-0.38309967517852783
-0.31737762689590454
-0.5505220890045166
-0.3195952773094177
-0.26084619760513306
-1.67464017868042
0.6062943935394287
0.5470255613327026
-0.764689028263092
-0.6231094002723694
-0.6398821473121643
-1.27559232711792
-0.02012854442000389
-0.3055974841117859
-0.9367172122001648
-0.9615750908851624
-0.33597928285598755
-0.7901429533958435
0.1749597191810608
-0.9715646505355835
-0.923510730266571
-0.8084810972213745
-0.8325912356376648
-0.30075603723526
0.506432831287384
-0.8518108129501343
-0.7255250215530396
-0.29336708784103394
-0.07309466600418091
-0.6865683197975159
-0.9595993161201477
-0.8956443667411804
-0.39371615648269653
-0.7622543573379517
-0.605411171913147
0.9203884601593018
-0.8199021220207214
-0.3484014868736267
-1.4908474683761597
-0.6260513067245483
-1.0822614431381226
-0.47658807039260864
-0.138400137424469
-0.9861812591552734
0.0056394971907138824
0.5571576356887817
0.09929090738296509
-0.6209728121757507
0.45850449800491333
0.10413104295730591
-0.10149890184402466
-1.105311393737793
-0.4001312851905823
-0.7024577260017395
-0.15970033407211304
-0.15952438116073608
-0.2662507891654968
-0.8198413848876953
0.3513239026069641
0.6532928943634033
-0.24128377437591553
0.13411873579025269
0.17963773012161255
-0.8452128767967224
0.7926369905471802
-0.41795819997787476
-0.6068009734153748
0.009018126875162125
0.7068957686424255
0.5300679802894592
-1.096318006515503
-0.642475962638855
-0.2944639325141907
-0.5768786668777466
0.04152912274003029
-0.37097567319869995
-0.29043108224868774
-0.0372883640229702
-0.5546040534973145
-0.8429131507873535
-0.880738377571106
0.2704625129699707
-0.808017373085022
0.17380291223526
-1.4169553518295288
0.8234203457832336
-0.5786743760108948
0.08197683095932007
0.22934430837631226
-0.27025455236434937
-0.15749651193618774
-0.5638303160667419
-0.6413553953170776
-0.7506464123725891
-0.7424398064613342
0.35177308320999146
-0.17344576120376587
-0.7421925663948059
-0.8209747672080994
0.7694764733314514
-0.32215338945388794
-2.1684722900390625
-0.188998281955719
0.7081292271614075
-0.8873969912528992
0.4989151358604431
-1.1745516061782837
0.5710784792900085
0.3989432454109192
-1.008705973625183
-0.6995993256568909
-0.26209038496017456
-0.5388087034225464
-0.5392050743103027
-0.5191027522087097
-0.5535591840744019
-0.23418205976486206
-0.7943524718284607
-0.736295223236084
0.11830085515975952
-0.6217275857925415
-0.24921947717666626
0.020008031278848648
-0.7310497164726257
-0.09113389253616333
-0.6064074635505676
0.1562291383743286
-0.4520748257637024
-1.3774285316467285
-0.9088943600654602
-0.02596956118941307
0.6493058800697327
-0.6484901309013367
0.4804372787475586
-0.8438540697097778
-0.48435652256011963
-0.5946452021598816
-0.9098994731903076
0.10761123895645142
-0.6748450994491577
-0.3552704453468323
-0.7713760733604431
-0.47065454721450806
-0.7695423364639282
-1.0986485481262207
-0.5165302753448486
-0.7431275248527527
-1.1897941827774048
-0.7280425429344177
0.2621799111366272
-0.0023506246507167816
-0.831643283367157
-0.6464871168136597
-0.9014288187026978
-0.30475765466690063
-0.20208865404129028
-0.33013588190078735
0.6178379654884338
-0.09381932020187378
-0.0561101995408535
-1.045230746269226
0.5071932077407837
-0.5403614640235901
0.6064935922622681
-0.3957574963569641
-0.5805655717849731
-1.702765941619873
-1.18611478805542
-0.645805299282074
-0.512954831123352
0.8654798269271851
-1.6396209001541138
0.22760051488876343
0.37906259298324585
-0.4679195284843445
-1.0935635566711426
-1.0453846454620361
0.180525004863739
-0.5297116637229919
-0.5029258728027344
-0.29058998823165894
-1.0090117454528809
0.14507466554641724
-0.5849691033363342
-0.7800036072731018
-0.5818383097648621
-0.37710005044937134
-1.035043478012085
-0.0513492189347744
-0.20678621530532837
-0.08834177255630493
-0.4038798213005066
-0.4578048586845398
0.6071637868881226
0.1715579628944397
-0.5338730216026306
0.01569855585694313
-0.167630136013031
0.07539397478103638
-0.4701985716819763
0.9546610713005066
-0.2343716025352478
-0.2144220471382141
-1.1344738006591797
-0.46443015336990356
-0.32786792516708374
0.1972007155418396
-0.6165300011634827
0.49080127477645874
-0.781607449054718
-0.573320209980011
0.01335841789841652
-0.2800126075744629
-0.9069210290908813
-0.18671411275863647
-0.7648746967315674
-0.8111431002616882
-0.2151995301246643
-0.5382646918296814
-0.7026890516281128
-0.2848454713821411
-0.13384252786636353
0.6895572543144226
0.4564129710197449
-0.69622403383255
-0.6234212517738342
0.5284553170204163
-0.5923065543174744
-0.593585729598999
-2.009035348892212
-0.48485463857650757
0.33591407537460327
0.043564025312662125
-0.848881185054779
-0.4494572877883911
-0.4606519341468811
0.5193906426429749
0.4388560652732849
-0.5547034740447998
0.35156816244125366
-0.7255954742431641
-0.5202694535255432
0.268859326839447
-0.32016974687576294
-0.5419570207595825
-0.507857620716095
0.14511865377426147
0.8286937475204468
-0.35621851682662964
-0.18322378396987915
-1.0370978116989136
-0.47143518924713135
-0.4151541590690613
-0.03644436225295067
-0.7674593329429626
-0.2778676152229309
0.22191756963729858
-0.8906718492507935
-0.03517227992415428
-1.0573370456695557
-0.2313109040260315
0.7502133846282959
-0.8977406024932861
0.6998329758644104
-0.4370221495628357
-0.1643323302268982
-0.9793152213096619
-0.3275797963142395
0.0981786847114563
-0.7979929447174072
-1.005703091621399
-0.543327271938324
-0.8702809810638428
0.22781378030776978
-0.4245098829269409
-0.9851502180099487
0.1263309121131897
0.2323043942451477
0.05586928501725197
-0.6248896718025208
-0.29837149381637573
-0.6654119491577148
-0.6041565537452698
-0.025519903749227524
-0.7024418115615845
-0.9249462485313416
-0.6079748272895813
-0.13626092672348022
-1.285003423690796
-1.7367641925811768
0.08470648527145386
-0.38788825273513794
-1.0656166076660156
-1.1585744619369507
0.5008133053779602
-0.7874866127967834
0.07802003622055054
-0.25143367052078247
-0.5156605243682861
-0.5191934108734131
0.07957333326339722
-1.6622874736785889
-0.953316330909729
-0.7505965828895569
0.14082378149032593
0.6146383285522461
0.0661514401435852
-0.801544189453125
-0.0052798353135585785
-1.5431419610977173
0.15781551599502563
-0.1374916434288025
-0.9377737641334534
-0.6678892374038696
0.026546422392129898
-0.022203143686056137
-0.8598847985267639
-0.006989773362874985
0.6891335248947144
-0.9838559627532959
-0.624639093875885
-0.5520089864730835
-0.784921407699585
-0.5691527128219604
-0.4550052881240845
-0.6735677123069763
-1.0188130140304565
-0.2809296250343323
-0.9547206163406372
-0.7793950438499451
-0.8125852942466736
0.00651950016617775
-1.178032398223877
-0.4436463713645935
0.12701410055160522
-1.1618648767471313
-0.35536426305770874
-1.158813714981079
-0.9306334853172302
-0.646323025226593
-1.0489068031311035
-0.011642273515462875
-1.0286990404129028
-0.9151079058647156
0.23174172639846802
0.19659656286239624
0.48242104053497314
0.09703177213668823
0.3165845274925232
-0.5943800806999207
-1.4159902334213257
0.4778910279273987
-0.4870888590812683
-0.47832101583480835
-0.39465945959091187
-0.9358323216438293
-0.17673808336257935
0.0701255202293396
-0.4865531921386719
-0.488240122795105
-0.4289248585700989
-1.0171836614608765
-0.6336292028427124
-0.7555031776428223
0.054794494062662125
-1.0005314350128174
-0.8494274616241455
-0.7905288338661194
0.2767014503479004
0.06200486794114113
-0.46476298570632935
-0.5703871846199036
-0.05670362338423729
-0.6328645348548889
-0.5703097581863403
0.7642921805381775
-0.8385295867919922
0.5843080878257751
-0.5478855967521667
-0.4125370979309082
-1.1748775243759155
0.4194757342338562
-0.6562244892120361
0.8492629528045654
0.29317706823349
-0.7571518421173096
0.584766149520874
-1.0840511322021484
-0.7169796228408813
0.8598195910453796
-0.2836536765098572
0.4164288640022278
-0.4674474596977234
-1.8375370502471924
-0.727836012840271
0.12680262327194214
-0.42029446363449097
-0.900738000869751
0.09143167734146118
-0.7335749864578247
-0.5022287368774414
0.1816430687904358
0.15846484899520874
-1.3101468086242676
-1.331460952758789
-0.7101328372955322
-0.3157011866569519
-0.4836112856864929
-0.5179876685142517
0.6065040826797485
-1.766345739364624
-1.0884997844696045
0.8823390603065491
-0.3259945511817932
-1.1919314861297607
-1.5182069540023804
-0.9572004079818726
-0.7853626012802124
0.003495994955301285
-0.721406102180481
-0.5404098629951477
-1.5151467323303223
-1.6667424440383911
-0.788621187210083
-0.38951271772384644
-0.4268278479576111
0.7653881311416626
-0.0427277646958828
-0.15277355909347534
0.0029446519911289215
-0.10454875230789185
-0.8693529367446899
-0.06579858064651489
0.878176212310791
-0.5455257296562195
-0.6299679279327393
0.8461536169052124
-0.14718526601791382
0.2687484622001648
-1.203160047531128
-0.4430789351463318
-1.1511423587799072
0.42734915018081665
-0.5460652709007263
-0.5042257905006409
-0.7918816208839417
0.1812703013420105
0.188670814037323
-0.4448001980781555
-0.5932596921920776
-0.4831327795982361
-0.5445008873939514
-0.944427490234375
0.029992762953042984
-0.15840798616409302
-1.0261011123657227
0.07204955816268921
0.8731882572174072
-0.5249164700508118
0.41472917795181274
0.7521652579307556
-0.7128302454948425
-0.2654680609703064
0.7710143327713013
0.14117950201034546
-0.5064350366592407
0.13579046726226807
-0.7073788046836853
-0.549927294254303
0.11969608068466187
0.31597524881362915
-0.40078502893447876
-0.659513533115387
-0.8650880455970764
-1.2022173404693604
-1.146052360534668
-0.10555416345596313
0.3130508065223694
0.2783711552619934
0.5563331842422485
-0.5173401236534119
-0.968583881855011
-0.4568174481391907
0.7855693101882935
-0.9813554286956787
0.10681921243667603
-0.3901655077934265
0.8335564136505127
-0.9046018719673157
-0.8649769425392151
-0.7085066437721252
-0.797037661075592
-0.833715558052063
-1.1970587968826294
-0.47181516885757446
-0.752974808216095
-0.5585125088691711
-0.7795743346214294
-0.04584580287337303
-0.9821388721466064
-0.23195749521255493
-0.4242090582847595
-0.11660414934158325
-0.14950186014175415
-0.5741819739341736
-1.6582682132720947
0.019582215696573257
-0.09427553415298462
0.2387581467628479
-0.7508615851402283
0.10877519845962524
-0.9484320282936096
-0.04953938350081444
-0.6239640116691589
-0.8803582787513733
-0.8845038414001465
-0.99412602186203
-0.9078132510185242
-0.5347579121589661
-0.5298507809638977
-0.957889974117279
-0.6783227920532227
-0.4904271960258484
0.46224021911621094
-0.8942520618438721
-0.6489941477775574
-0.12049204111099243
-0.8473562002182007
-0.9738557934761047
-0.9494606256484985
0.25757044553756714
-0.1799657940864563
-0.025181706994771957
-0.022570189088582993
0.830226480960846
0.6473031640052795
0.10858231782913208
-0.14060407876968384
0.45255446434020996
-0.31252557039260864
-0.9600698351860046
-0.7004238367080688
-0.45617395639419556
-0.6079553365707397
0.6132317781448364
0.5351946949958801
-0.8690761923789978
0.11802011728286743
-0.9480994343757629
0.276350200176239
-0.37356036901474
-0.5975101590156555
-0.1721472144126892
-0.6465001702308655
0.732124924659729
0.45915699005126953
-0.19900566339492798
-0.8373010754585266
-0.47906678915023804
-0.09980648756027222
-0.5593116879463196
-0.8458880186080933
-0.3805312514305115
-0.630579948425293
-0.3419138789176941
0.17031341791152954
-0.5735899806022644
-0.16028982400894165
-0.9025374054908752
-1.1557697057724
-1.3790769577026367
-0.9954705834388733
-0.055293019860982895
-1.5560920238494873
-1.0354509353637695
-0.2523964047431946
-0.37045586109161377
0.1362050175666809
-0.34776586294174194
-0.13703542947769165
0.3906514048576355
0.43047255277633667
0.13048654794692993
0.5727236270904541
0.02271062508225441
0.05995935574173927
-0.6610077023506165
-0.202104389667511
-0.39879709482192993
0.6417252421379089
0.1993882656097412
-0.14954155683517456
-0.9317386746406555
-0.6199485659599304
-0.7341787815093994
-0.7782385349273682
-0.6065717935562134
-0.5808826088905334
0.2978326678276062
-0.4036406874656677
-0.4603734612464905
-0.8989614248275757
-0.6423982977867126
-0.8858097195625305
-1.348267674446106
-0.11631673574447632
0.1920207142829895
-0.16892939805984497
-0.6396941542625427
-0.362765908241272
0.588926374912262
0.9518093466758728
0.5946483612060547
0.8166013360023499
0.3754289150238037
0.6718902587890625
-0.2949562668800354
-0.6912209987640381
-0.07342952489852905
0.8491058945655823
-0.7155566215515137
-1.154561996459961
-0.48202353715896606
-0.09980136156082153
-0.9189906120300293
-1.6793465614318848
0.032576385885477066
-0.05309551581740379
-0.8559949994087219
-0.0058981142938137054
-0.5014410018920898
-1.1865758895874023
-0.14448028802871704
-0.3039117455482483
0.8049094676971436
-0.9470587968826294
-0.7072164416313171
-0.7964169383049011
-0.13564878702163696
0.3353763222694397
-0.7856000661849976
0.49405503273010254
-0.4061209559440613
-0.015476878732442856
0.12184280157089233
0.672778308391571
-0.03029816970229149
-0.27229851484298706
0.8616883158683777
-0.052044328302145004
-1.1399544477462769
0.1200149655342102
-0.6777678728103638
-0.7568234205245972
-0.9271069169044495
0.0739017128944397
-0.7139436602592468
-0.5031487345695496
-0.31320375204086304
-0.5321709513664246
-0.9060611724853516
-0.834830641746521
-1.4141345024108887
0.42310231924057007
-0.9431023001670837
0.48674094676971436
0.29002106189727783
-0.47651344537734985
-0.1454060673713684
-0.7398662567138672
-0.5936896204948425
-0.41356396675109863
-0.32767683267593384
-0.23475569486618042
-0.769972026348114
-0.31508129835128784
-0.7269181609153748
-0.5098543167114258
-0.9465329051017761
-0.4815410375595093
0.6560308337211609
0.05226201191544533
-0.17757052183151245
0.7943174839019775
-1.3057554960250854
-0.4988693594932556
-0.9702042937278748
-1.0318849086761475
0.6197443008422852
-0.7158333659172058
0.829689621925354
0.38904768228530884
-0.2858073115348816
-1.4622658491134644
-0.7312343120574951
-0.2094774842262268
0.36309999227523804
0.015797678381204605
-0.9789904952049255
0.3391379714012146
-0.11270004510879517
0.6481954455375671
-0.882145345211029
0.2285427451133728
-0.1286117434501648
-0.29212361574172974
0.4675648808479309
0.26780253648757935
0.7064408659934998
-0.7723870873451233
0.14792221784591675
0.06968456506729126
-0.010876830667257309
-0.09212356805801392
-0.9958622455596924
-0.10966354608535767
-0.5131420493125916
-0.7860980033874512
0.3097350597381592
-0.5281606912612915
0.07129937410354614
-0.4736659526824951
-0.7539290189743042
-0.6403491497039795
-1.174027681350708
-0.8204229474067688
-0.8082684874534607
-0.9664762020111084
-0.8893333077430725
-0.02097373828291893
-0.32418233156204224
-0.16692394018173218
-0.6575178503990173
-0.3167104125022888
-0.4682057499885559
-0.47017091512680054
-0.19285446405410767
-0.8373010754585266
-1.1574230194091797
-0.9832543134689331
-0.15820294618606567
-0.5033599734306335
-0.6370680928230286
-0.9708406925201416
-0.5499619841575623
-0.2747949957847595
-0.7877832651138306
-0.9772734642028809
-0.3505721688270569
-1.8274366855621338
-1.4418169260025024
0.7400863766670227
-0.8168015480041504
-0.19748252630233765
-0.8230273723602295
0.6363855600357056
0.6442704200744629
-0.7940844297409058
-1.0811920166015625
-0.9741164445877075
-0.8002967834472656
-1.4036805629730225
-0.8689245581626892
-0.8008682131767273
-0.11300021409988403
-0.19973164796829224
-0.5189374685287476
0.6171460151672363
0.6720974445343018
-0.20715337991714478
-0.5676616430282593
0.12017041444778442
-0.3019821047782898
0.1542767882347107
0.1542767882347107
-0.4712461829185486
0.4543721675872803
-0.28356021642684937
-0.17183369398117065
-0.1082105040550232
-0.13320857286453247
-0.39799660444259644
-0.7697034478187561
-0.2843359112739563
-1.5837208032608032
-1.289652705192566
0.037567440420389175
-0.7540503740310669
0.8727301955223083
-0.5704069137573242
0.09767383337020874
-0.005567487329244614
0.5283477902412415
0.9014321565628052
-0.7773895859718323
0.7841225862503052
0.9114335179328918
-0.7699249386787415
-0.7932442426681519
0.20071035623550415
-0.3119599223136902
-0.7730973958969116
-1.051215410232544
-1.1061675548553467
-0.20229369401931763
-1.360347032546997
-0.5001583695411682
-0.8950841426849365
-0.8177959322929382
-1.6616116762161255
-0.6595473885536194
0.17657703161239624
0.39631885290145874
-1.0173288583755493
-0.3891146183013916
-0.12087434530258179
-0.6758062243461609
-1.0177797079086304
0.5825517773628235
0.42836862802505493
-0.037841375917196274
0.256385862827301
-0.3698076605796814
-0.03499060496687889
-0.5732258558273315
-1.2949113845825195
-0.3036370873451233
-0.5842575430870056
-0.6559221744537354
0.8079404830932617
0.5990794897079468
0.06303685903549194
-1.042956829071045
0.10897868871688843
-0.26215988397598267
-1.4952441453933716
0.17693215608596802
-0.570184051990509
-0.5437648892402649
0.1841697096824646
-0.3882363438606262
-0.9696179628372192
-0.8039332628250122
-1.2212698459625244
-1.254207968711853
-0.6817953586578369
-0.6371946930885315
-0.29038774967193604
-0.8062735199928284
-0.33921343088150024
0.7984232902526855
0.13166791200637817
0.8927236795425415
0.7946251034736633
-0.9789583683013916
-0.9879397749900818
0.8059893846511841
-0.7891705632209778
-0.2622302174568176
-0.07033878564834595
0.09129244089126587
-1.3373135328292847
-0.37598860263824463
-0.9000506401062012
-0.46896833181381226
0.3265828490257263
0.4862109422683716
0.25054311752319336
-0.11793452501296997
-0.4549311399459839
-0.22409504652023315
0.2126052975654602
0.6310898065567017
-1.0182653665542603
-0.42008906602859497
-0.6491491794586182
-0.5724878311157227
-0.31085413694381714
0.7572734951972961
0.03450256958603859
-0.6121662855148315
-0.556907057762146
-0.5397970080375671
-1.493913173675537
-0.039018090814352036
-0.20272380113601685
-0.6190991401672363
-0.9115830659866333
-0.7442001700401306
-0.36508554220199585
-1.0820975303649902
-0.5489679574966431
-0.06464260816574097
-1.098534345626831
-0.37769150733947754
-0.8019853830337524
0.16690462827682495
-0.8260838389396667
-0.25193125009536743
-0.7616521120071411
-0.32131320238113403
-0.6622064113616943
-0.7992116212844849
0.14291435480117798
-0.422551691532135
0.5297175645828247
-0.41433221101760864
0.8946672081947327
-0.7480153441429138
-0.5702739953994751
0.47090965509414673
-0.22157198190689087
0.644925057888031
0.7955363392829895
-0.33028870820999146
-0.929155170917511
-0.10738223791122437
-1.4222195148468018
0.4101092219352722
-1.1517717838287354
-0.42116445302963257
-0.37306123971939087
-0.8004527688026428
-0.13536745309829712
-0.6622803807258606
-0.13692361116409302
-0.645798921585083
-0.5857096314430237
-0.4045385718345642
-0.7881173491477966
-0.5338128805160522
-0.7678640484809875
-0.6473506689071655
-0.6798833012580872
-0.9046329855918884
0.0001295246183872223
-0.8190768361091614
0.041906896978616714
-0.504614531993866
-0.6053904891014099
-1.1254842281341553
-1.0933796167373657
-0.2712559103965759
-0.5508034825325012
-0.19390088319778442
0.20353740453720093
0.06253856420516968
0.171156108379364
-0.9540996551513672
-0.5554735660552979
-0.8656399846076965
-0.4168204665184021
-0.8215783834457397
-0.30466538667678833
-0.33124762773513794
0.13317948579788208
-0.2404537796974182
-0.3127225637435913
-1.2490290403366089
0.07743436098098755
0.38066565990448
-0.10493332147598267
-1.5795788764953613
0.6598723530769348
0.18551617860794067
0.358906090259552
-0.48684704303741455
-0.6101813316345215
-0.06479638814926147
-0.7221647500991821
0.39305979013442993
-0.8118438124656677
-0.649763822555542
0.6272081136703491
-0.24746406078338623
-0.7601220607757568
0.30666404962539673
0.71058189868927
0.14988702535629272
-0.7533853650093079
0.3911089301109314
-0.27414482831954956
-0.9255332350730896
-0.35476237535476685
-0.3216187357902527
-1.1908307075500488
-0.7981634140014648
0.09754818677902222
0.15485459566116333
0.015407983213663101
0.7680798768997192
-0.13774770498275757
-0.27977705001831055
0.12852901220321655
0.2555754780769348
-0.2968757748603821
