0.6616391539573669
-0.2199837565422058
-0.8613361716270447
-1.3853037357330322
-0.2759987711906433
0.8113988041877747
-1.640681266784668
-1.9455852508544922
-0.7589598298072815
-0.6243095397949219
-1.2449071407318115
-0.7182772755622864
-1.608170986175537
-0.315746009349823
-0.9657328128814697
-1.2294272184371948
-0.7922797799110413
-0.8093344569206238
-1.0972697734832764
-0.3797696828842163
-1.0231560468673706
-0.8217726349830627
-0.584437906742096
-0.15895909070968628
0.053564492613077164
-0.5173947811126709
0.43539923429489136
-1.3550488948822021
-0.5645977854728699
-1.039978265762329
-1.22368586063385
-1.674647569656372
-1.7395329475402832
-0.8393391966819763
-0.9753824472427368
-1.0096571445465088
-0.30464881658554077
-0.5769502520561218
-1.154239535331726
-1.1213438510894775
0.06126946583390236
0.21819651126861572
-0.7750102877616882
-1.6952788829803467
0.47378355264663696
-1.1540520191192627
0.19339388608932495
-0.3147622346878052
-0.9892462491989136
-1.0444164276123047
-0.526441216468811
-0.9147082567214966
-0.4429534077644348
0.17471736669540405
0.3341933488845825
-0.039538439363241196
-0.34335583448410034
-0.07943469285964966
0.5102149844169617
-0.7321053743362427
-0.5853768587112427
-0.48920387029647827
-0.2789352536201477
-0.14841264486312866
-1.1568708419799805
-0.6476869583129883
0.040847960859537125
-0.5430262684822083
-1.1000479459762573
-0.9709031581878662
-0.5778077244758606
-0.12210744619369507
-1.1071760654449463
-1.2275927066802979
-0.5176708698272705
-0.5311809182167053
-1.5795109272003174
-1.9219449758529663
-1.2626838684082031
0.22697407007217407
-0.5494858622550964
-0.9809102416038513
-1.345375418663025
-0.6128514409065247
-0.4491584897041321
-2.481165885925293
-1.0174070596694946
-0.7948284149169922
-1.2830893993377686
-1.1061487197875977
-0.8680101037025452
-0.7254840135574341
0.28891754150390625
-0.1626707911491394
-1.353055715560913
-0.49319350719451904
0.2796841263771057
-0.8259987235069275
-0.9145851731300354
-0.503084659576416
-1.1323392391204834
-0.6189379692077637
0.20287364721298218
-1.3039973974227905
-0.5437687039375305
-0.25047415494918823
0.027752820402383804
-1.0370227098464966
-0.9654278755187988
-0.9010432362556458
-1.1054940223693848
-0.684066891670227
-0.09677726030349731
0.1308167576789856
-1.2457001209259033
-0.4832414984703064
-1.6648741960525513
-0.12537413835525513
-0.6916170716285706
-1.1080803871154785
-0.7012361884117126
-0.6184965968132019
-0.40586185455322266
-0.5720981955528259
-0.702422559261322
-1.67195725440979
-1.1940958499908447
-1.511616587638855
-0.7205369472503662
-1.6204729080200195
-1.1740169525146484
-0.4319291114807129
-0.9689797759056091
-0.6659162044525146
0.5571576356887817
0.21181422472000122
-0.820808470249176
-0.09712129831314087
-1.1968376636505127
-0.10149890184402466
-0.9835149645805359
-0.9023506045341492
-0.9313443899154663
-0.6676641702651978
-0.40817922353744507
-0.104916512966156
-1.3159160614013672
0.3868792653083801
-0.5423227548599243
-0.24128377437591553
-0.09620136022567749
0.2824839949607849
-1.2128815650939941
0.7926369905471802
-0.007014330476522446
-0.3558596968650818
-0.7486445307731628
-0.23522597551345825
-0.6455966234207153
-0.6945977210998535
-0.8809911012649536
-0.08928924798965454
-0.6257443428039551
-1.1626640558242798
-0.6075406670570374
0.21929067373275757
0.004641477018594742
0.3797111511230469
-0.6125442385673523
-0.9225043654441833
-0.7679041624069214
0.05991882458329201
0.17380291223526
-1.6029764413833618
0.6087251901626587
-0.7911111116409302
-0.8709608912467957
-0.11219638586044312
0.07392245531082153
-0.4704388976097107
-0.7028264999389648
-0.12171286344528198
-0.7533900141716003
-0.09567278623580933
-0.0060372911393642426
-0.6219040751457214
-1.0733202695846558
-0.6210343837738037
0.7694764733314514
0.5773137807846069
-1.3239248991012573
-0.8149517178535461
0.7081292271614075
-0.9994956254959106
0.04950660839676857
-0.9577006697654724
0.5710784792900085
0.061189476400613785
-0.9487288594245911
-0.89335697889328
0.45241105556488037
-0.5388087034225464
-0.798812210559845
-0.8420543074607849
-0.13387411832809448
-0.3916606307029724
-1.2551294565200806
-0.484508216381073
0.19542890787124634
-0.6604025363922119
-0.9008604884147644
-1.343825101852417
-1.1929309368133545
0.36914747953414917
-1.6142526865005493
0.18546831607818604
-1.0372968912124634
-0.8255980610847473
-0.7226555347442627
-0.2996264696121216
0.23032528162002563
-0.48054319620132446
0.2531746029853821
-0.5768796801567078
-0.7211240530014038
-1.035484790802002
-0.8071994781494141
-0.3341216444969177
-1.9427241086959839
-0.7398636937141418
-0.6414074301719666
-0.6458123326301575
-0.8647230863571167
-0.5941927433013916
-0.5165302753448486
-0.4694724678993225
-1.2471730709075928
-1.6204453706741333
0.6228758692741394
0.13855469226837158
-0.8600727915763855
-0.8741745948791504
-0.522903323173523
-0.5692088007926941
-0.0960426926612854
-0.22923821210861206
0.21321886777877808
-1.1129798889160156
-1.0802440643310547
-0.9825292825698853
-0.4669821262359619
0.6062915325164795
0.5382691025733948
-0.7706408500671387
-0.4924966096878052
-1.303615689277649
-1.3835386037826538
-0.826211154460907
-1.0234555006027222
0.6057499647140503
-1.0475369691848755
0.21099549531936646
-0.008859451860189438
-0.6637077927589417
-0.08354026079177856
-1.4351613521575928
-0.7757236361503601
-0.5153728127479553
-0.6748253703117371
-0.8198915123939514
-1.0893199443817139
0.2229413390159607
0.031837645918130875
-0.7530861496925354
-0.13655418157577515
-0.23293215036392212
-0.7897342443466187
-0.0513492189347744
-0.8816961050033569
-0.30802351236343384
0.03664917126297951
-0.31968575716018677
0.4159347414970398
0.3283469080924988
-0.852632462978363
-0.45285022258758545
-0.6630564332008362
-0.24698948860168457
-1.045358657836914
0.8835740685462952
0.5521852374076843
-2.5889832973480225
-1.368967056274414
-0.5922784209251404
-0.4393696188926697
-0.45725077390670776
-0.8746683597564697
0.20964235067367554
-1.3108735084533691
-1.5386021137237549
0.1348314881324768
-0.23963701725006104
-1.0625698566436768
-0.6093876957893372
-1.0807369947433472
-1.0260694026947021
-0.1418820023536682
-0.2761004567146301
0.11089807748794556
-0.7468580603599548
-0.9193453788757324
0.6895572543144226
0.4564129710197449
-1.0777753591537476
-0.9755017757415771
0.6366376876831055
-0.8619498014450073
-0.7006287574768066
-1.480002522468567
-0.6063541769981384
0.3799890875816345
0.043564025312662125
-1.043185830116272
-0.4494572877883911
-0.4606519341468811
0.09362691640853882
-0.29640787839889526
-0.7636325359344482
-0.2556759715080261
-0.4822081923484802
-0.8173644542694092
-0.5366147756576538
-0.32016974687576294
-0.8771488070487976
-0.7321934103965759
0.14511865377426147
0.3034772276878357
-0.43890124559402466
-0.22548562288284302
-1.0370978116989136
-0.58113694190979
0.21764320135116577
-0.5857393741607666
-0.923558235168457
-0.2778676152229309
0.016467873007059097
-0.8906718492507935
0.528508186340332
-1.4571037292480469
-0.2313109040260315
0.6454737782478333
-0.3021184802055359
-1.0434699058532715
-0.06344252824783325
-0.4170446991920471
-0.9995006918907166
-0.7008710503578186
-0.5888293981552124
-1.0818262100219727
-0.9424058198928833
-0.5745819807052612
-0.8786681294441223
-0.6604587435722351
-0.9474188685417175
-0.5505626201629639
0.22342103719711304
0.3489640951156616
-0.5719974637031555
-1.0445102453231812
-1.514320969581604
-0.365140438079834
-0.46148842573165894
-0.22185784578323364
0.8300876617431641
-0.7060137987136841
-0.6436724662780762
-0.13900822401046753
-0.9786731600761414
-0.9597440958023071
-0.5128675103187561
-0.3174261450767517
-0.08226901292800903
-0.7404963970184326
0.686715304851532
-1.071969985961914
-1.1221084594726562
0.24261754751205444
-1.2399368286132812
-0.6752321124076843
-0.23608916997909546
-2.1173343658447266
-1.1420881748199463
-0.6616817116737366
-0.738132119178772
0.6101064085960388
-0.5888354778289795
-0.5890727043151855
-0.41507822275161743
-1.0141674280166626
-0.5901665687561035
-0.026739653199911118
-0.35089051723480225
-0.06129854544997215
-0.9954138398170471
-0.1585957407951355
-0.9388631582260132
-0.6950364112854004
-0.46346980333328247
-1.1719286441802979
-0.829021155834198
-0.7101389765739441
-0.9187514185905457
-0.3747406601905823
-0.42556852102279663
-0.6735677123069763
-1.5501699447631836
-0.6730806231498718
-1.1487550735473633
-0.7676970958709717
-0.3637898564338684
-0.17481917142868042
-0.7431783676147461
-0.521624743938446
-1.9051759243011475
-0.09917229413986206
-0.9885027408599854
-1.3157789707183838
-0.7633886337280273
-0.5607622861862183
-1.5240763425827026
0.11460202932357788
-1.0286990404129028
-0.5815369486808777
0.23174172639846802
-0.09944778680801392
-0.7987764477729797
-0.76679527759552
0.6286734938621521
0.05116254463791847
-0.6764318943023682
0.29861730337142944
0.2768554091453552
-0.7902482748031616
-0.2924310564994812
-1.0204298496246338
-0.5305847525596619
0.5028956532478333
-1.4084713459014893
-0.9252923130989075
-1.2698564529418945
-0.660291314125061
-0.8630842566490173
-0.7049339413642883
-0.5986660122871399
-1.0880789756774902
-0.9938305020332336
-1.0259500741958618
0.17025381326675415
-0.47100311517715454
-0.7863173484802246
-0.26372337341308594
-0.05670362338423729
-0.748471736907959
-1.1983057260513306
-0.915901780128479
-1.1234724521636963
-1.248915433883667
-1.2765851020812988
-0.018867548555135727
-1.4112129211425781
0.3932710886001587
-1.1709697246551514
0.8492629528045654
0.29317706823349
-0.35931432247161865
0.5451332926750183
-1.1662883758544922
-0.7300670742988586
0.8598195910453796
-0.33109039068222046
0.8719598054885864
-0.8251941800117493
-0.7842028737068176
-0.6025465130805969
-1.8381997346878052
-1.213149070739746
-0.6164452433586121
-0.5936453938484192
-1.1405589580535889
-0.7221210598945618
0.23541134595870972
-0.16241365671157837
-1.15072762966156
-0.6685531735420227
-0.22061318159103394
-0.6023642420768738
0.015148703008890152
-0.7145408987998962
-0.2786434292793274
-0.9320745468139648
-1.1951627731323242
-0.4186801314353943
-0.3259945511817932
-1.0857722759246826
-2.1140811443328857
-1.2234437465667725
-1.4966527223587036
-0.7162144780158997
-0.8372413516044617
-0.8211394548416138
-1.6461436748504639
-1.308126449584961
-0.010671313852071762
0.6160062551498413
-0.6597474813461304
-0.9960022568702698
0.29841917753219604
-0.22331446409225464
0.0029446519911289215
0.18954187631607056
-0.23878854513168335
-0.5081344246864319
0.3750951290130615
-0.6389226913452148
-0.7855290174484253
0.10720604658126831
0.07509976625442505
-0.06648355722427368
-0.5219529271125793
-0.555401086807251
-1.3763031959533691
-0.2681962847709656
-1.0339514017105103
-0.7234452962875366
-0.47444742918014526
-0.09752386808395386
-0.7535355091094971
-0.4448001980781555
-0.6713172793388367
-1.6120718717575073
-1.270336627960205
-1.2061357498168945
0.017145220190286636
-0.9875954985618591
0.32412099838256836
0.5607698559761047
0.523446261882782
-0.4584553837776184
0.41472917795181274
-0.1419963240623474
-0.533399760723114
-0.417674720287323
0.42034125328063965
-0.3437427878379822
-0.5064350366592407
-0.21787148714065552
-0.8008161783218384
-0.7099514007568359
0.34940671920776367
0.5867317318916321
-0.5030916333198547
-0.9657841324806213
-0.8650880455970764
-1.2195582389831543
-0.8024264574050903
-2.056427478790283
0.15772992372512817
0.2783711552619934
0.5138426423072815
-0.25538772344589233
-1.261046051979065
0.20104414224624634
-0.48795610666275024
-0.7828736901283264
-0.6789160966873169
0.1310170292854309
-0.8702203035354614
-1.0374865531921387
-0.7897271513938904
-0.7085066437721252
-0.7241962552070618
-0.9755674004554749
-1.4660385847091675
-0.9436575174331665
-0.8478814363479614
-0.20758658647537231
-0.22379499673843384
-1.7617918252944946
-0.9716285467147827
-0.1311386227607727
-0.22467046976089478
-0.07000845670700073
-0.35973483324050903
-1.488039255142212
-0.9607881307601929
-1.7268812656402588
-1.4298837184906006
-0.2478761076927185
-0.8472043871879578
-0.05236142501235008
-0.5714330077171326
0.5996769070625305
0.04483157768845558
-0.12054044008255005
0.2457147240638733
-2.1026906967163086
-1.2129297256469727
-0.9397403597831726
-1.1399669647216797
-0.7071071863174438
-0.6303033828735352
-0.7985540628433228
0.3720262050628662
-0.07328170537948608
-0.917137086391449
-0.9319831132888794
-0.7933937907218933
-0.550052285194397
-0.7408194541931152
0.7950259447097778
-0.1799657940864563
-0.6771711707115173
0.1426827311515808
0.614773690700531
0.6495062708854675
0.03491348400712013
-1.1513710021972656
-0.25963836908340454
-0.9673954844474792
-1.444845199584961
-0.6766616702079773
-0.7240091562271118
-0.1803632378578186
0.5874102711677551
-0.6360108852386475
-1.5126242637634277
0.11802011728286743
-0.7097499370574951
0.39532703161239624
-0.37442582845687866
-0.9672721028327942
-0.1721472144126892
-0.15097743272781372
0.732124924659729
-0.7822837829589844
0.009268347173929214
-0.8373010754585266
0.04824930801987648
-0.7382169961929321
-0.5794513821601868
-1.299508810043335
-1.2228186130523682
-0.568698525428772
-0.5472854375839233
-0.08508956432342529
-0.9598470330238342
-0.11231237649917603
-0.9762892127037048
-1.684014081954956
-1.3223004341125488
-1.1847387552261353
-0.16452771425247192
0.13303500413894653
-0.41135674715042114
-0.1006280779838562
-0.5872910022735596
0.1362050175666809
-0.4036194682121277
-1.3356255292892456
0.043789688497781754
0.6167232394218445
0.2991548180580139
0.5727236270904541
-0.9558485746383667
0.014540854841470718
-0.9000610709190369
-0.0059217773377895355
-0.20895987749099731
0.44612473249435425
-1.2958840131759644
0.6383564472198486
-0.03102308139204979
-0.09965115785598755
-0.7341787815093994
-1.066115379333496
-0.8185498118400574
-0.897976815700531
0.21805328130722046
-0.5966820120811462
-0.476304292678833
-1.3632526397705078
-0.7720306515693665
-0.7269778847694397
-1.3052372932434082
-0.11631673574447632
0.22095876932144165
-0.5346933007240295
-0.6479694843292236
-0.47440940141677856
0.5053165555000305
0.9518093466758728
-0.4152161478996277
0.8166013360023499
0.3754289150238037
0.6718902587890625
-0.2949562668800354
-1.1820181608200073
-0.2829335331916809
0.23684924840927124
-0.7898703813552856
-0.9884858727455139
-0.32094866037368774
-0.5388453006744385
-0.6827223896980286
-1.6793465614318848
-0.5959824919700623
-0.8644269704818726
-0.547233521938324
-0.5879877209663391
-0.843603789806366
-1.127676010131836
-1.110224962234497
0.013920847326517105
0.6662542819976807
-0.5355297327041626
0.15397220849990845
-1.241402268409729
-0.8297143578529358
0.3353763222694397
-1.2555716037750244
0.44102758169174194
-0.3891546130180359
-0.015476878732442856
-0.5117496252059937
-0.3697360157966614
-0.5559493899345398
-0.5141507983207703
-1.225097417831421
-0.052044328302145004
-1.1565810441970825
-0.2473825216293335
-1.4300553798675537
-1.2891731262207031
-1.1864326000213623
-0.6189793944358826
-1.092987298965454
-1.1499446630477905
0.062224093824625015
-0.3391342759132385
-0.6296790838241577
-0.8557155728340149
-1.2553173303604126
-1.4882776737213135
-0.7021036148071289
0.32698971033096313
0.17181211709976196
0.15743762254714966
0.2689957022666931
-0.6493203043937683
-0.6639935374259949
-0.7161495685577393
-0.2750926613807678
-1.1729977130889893
-1.152400255203247
0.02456790581345558
-0.7267565131187439
-0.9119487404823303
-1.1067370176315308
-1.2314388751983643
-0.5214658379554749
-0.9781347513198853
0.0875731110572815
-0.7940400242805481
-1.458608627319336
-0.779401957988739
-1.2692151069641113
-1.4041715860366821
0.17172163724899292
-0.5749303698539734
0.5348545908927917
-0.08353441953659058
-1.105438470840454
-1.0545053482055664
-0.43162471055984497
-0.2094774842262268
0.23347622156143188
-0.5178951025009155
-0.9789904952049255
0.01525968685746193
0.31414490938186646
0.6481954455375671
-0.6843480467796326
-0.16716092824935913
-0.5549135208129883
-0.4295462965965271
-0.06950479745864868
0.26780253648757935
0.5949894785881042
-0.5593014359474182
-1.1907199621200562
0.06968456506729126
-0.23685914278030396
-0.3878660798072815
-1.6631957292556763
0.11226469278335571
0.04559260979294777
-0.10278064012527466
0.3097350597381592
-0.4797348380088806
-0.5196806192398071
-1.0406584739685059
-0.8601179122924805
-0.7645682096481323
-1.4287631511688232
-0.8265059590339661
-0.6301348805427551
-0.7240021824836731
-0.6274348497390747
-0.32032233476638794
-0.4359762668609619
-1.0912716388702393
-1.9485975503921509
-0.19959431886672974
-0.9589576125144958
-0.9478067755699158
0.15021520853042603
-0.8373010754585266
-1.2713545560836792
-1.3341447114944458
-1.1508419513702393
-0.7654570937156677
-0.3028862476348877
-1.4751403331756592
0.4834086298942566
-0.6639050245285034
-2.652279853820801
-1.3870893716812134
0.02774781361222267
-1.8486500978469849
-1.8447637557983398
-0.9975247383117676
-0.5586971640586853
-0.9315060377120972
-0.7344300150871277
-0.7697249054908752
-0.12801438570022583
-2.305936813354492
-1.6739635467529297
-0.7556819915771484
-1.1464197635650635
-1.3903472423553467
-1.3363761901855469
-0.577129065990448
-1.3541427850723267
-0.990220844745636
-0.7392693758010864
0.0007028020918369293
-0.6366217732429504
-1.0450643301010132
-0.8434948921203613
0.12226355075836182
-0.474831223487854
-0.637489378452301
-0.637489378452301
-0.9978742003440857
0.27470093965530396
-1.4389770030975342
-0.6426392197608948
-0.24908465147018433
0.21151524782180786
-1.0879570245742798
-0.9836488962173462
-0.5785493850708008
-1.1671028137207031
-0.9788543581962585
0.037567440420389175
-0.5814645886421204
-0.6133869290351868
0.1596401333808899
-0.6698683500289917
0.35819345712661743
-0.17332804203033447
0.23006266355514526
-0.7458476424217224
0.2443755865097046
-0.23666387796401978
0.6616544127464294
-0.7932442426681519
0.4484444260597229
-0.18625015020370483
-0.6988526582717896
-1.244877815246582
-0.7144995927810669
-0.6310355067253113
-1.5945104360580444
-1.4063262939453125
-0.7194358110427856
-1.1059207916259766
-1.586336612701416
-2.1965322494506836
-0.3582465648651123
0.10095304250717163
-0.6691749095916748
-0.34528040885925293
-0.7326964139938354
0.050218526273965836
0.03770071640610695
0.35095715522766113
-1.838418960571289
-0.4911794066429138
-0.5914556980133057
0.013805333524942398
0.01967114582657814
0.13995641469955444
-0.86361163854599
-0.7475461959838867
-0.8461683988571167
-0.8330651521682739
0.37442147731781006
0.38770002126693726
-0.8574182987213135
-0.6143284440040588
-0.6075425148010254
-0.5168448686599731
-1.3168773651123047
0.372672975063324
-0.9678961634635925
-1.3605377674102783
0.04527575150132179
-0.644233226776123
-0.5864447355270386
-0.8039332628250122
-1.359837532043457
-1.206249475479126
-0.6238795518875122
-0.4342877268791199
-0.29038774967193604
0.17465418577194214
0.5043489933013916
-0.14194005727767944
0.19762039184570312
0.8927236795425415
0.7946251034736633
-0.9789583683013916
0.07791107892990112
0.6516318321228027
-0.22772711515426636
-0.7127103805541992
0.45364028215408325
-0.41604238748550415
0.3421240448951721
-0.4015248417854309
-0.16758161783218384
-0.46896833181381226
-1.0107210874557495
0.2567763328552246
0.05313796177506447
-0.06180733069777489
-0.22106629610061646
-0.19514256715774536
0.010979834944009781
0.6310898065567017
-1.1534006595611572
0.5667935609817505
-1.2939329147338867
-0.5799371600151062
-0.2087729573249817
0.7572734951972961
0.03450256958603859
-0.14092987775802612
-1.224690556526184
-1.1724510192871094
-1.5308241844177246
-0.8380336165428162
0.07347077131271362
-0.700069010257721
-0.9867270588874817
-1.0655397176742554
-0.49292629957199097
-0.5941071510314941
-0.7675322890281677
0.4930288791656494
-1.050721526145935
-1.1970220804214478
-1.0056884288787842
-0.3469173312187195
-0.8302473425865173
-0.5028349161148071
-0.8593748807907104
-1.0859532356262207
-0.7779184579849243
-0.953445315361023
-0.01717882975935936
-0.5272127389907837
-0.8301497101783752
-0.41433221101760864
0.8946672081947327
-0.7480153441429138
-1.0325863361358643
-0.8990675806999207
-0.3591102957725525
0.7003928422927856
0.8781334757804871
0.2679402232170105
0.19975703954696655
-0.7151010036468506
-1.394258975982666
-0.20062536001205444
-0.606425404548645
-1.2157055139541626
-0.1407889723777771
-0.6167808771133423
-0.4695475697517395
-0.8678492903709412
-0.38376742601394653
-0.7964187860488892
-0.5857096314430237
-0.37580448389053345
-0.49442094564437866
-1.0148791074752808
-0.18805772066116333
-0.6473506689071655
-0.6339070796966553
-1.0246541500091553
-0.8233343958854675
-0.4694485068321228
-0.5835787653923035
-1.1892353296279907
-0.31674814224243164
-0.32483965158462524
-0.016881760209798813
-0.3245312571525574
-0.5733768343925476
-0.1758752465248108
0.4817454218864441
-0.6632980704307556
-0.3492780923843384
-0.5371496081352234
-0.5627843141555786
-0.7791268825531006
-0.06863147020339966
-0.6533689498901367
-0.7042960524559021
-1.1933231353759766
-0.2579815983772278
0.1274617314338684
-1.0869264602661133
-1.028770089149475
-0.57712322473526
0.3154352307319641
-1.6436090469360352
-1.3963799476623535
0.6861187219619751
-0.6855510473251343
0.22412222623825073
0.1307712197303772
-0.8799136877059937
0.12703555822372437
-0.7934641242027283
-0.3911023736000061
0.019159261137247086
-0.649763822555542
-0.9593020081520081
-0.46690958738327026
-0.6041127443313599
0.41590791940689087
-0.5916755795478821
0.13907456398010254
-1.5820906162261963
-0.16999536752700806
-1.0919256210327148
-1.1855425834655762
-0.8077199459075928
0.10793060064315796
-0.5441976189613342
-0.7981634140014648
-0.5881974101066589
0.3640211224555969
-0.5294333696365356
-0.4684135317802429
0.3372487425804138
-0.7043769359588623
-1.1640732288360596
-0.7609586715698242
-0.12788838148117065
